%YAML:1.0
_fFx: 539
_fFy: 539
_u: 320
_v: 240
_sWidth: 640
_sHeight: 480

