%YAML:1.0
    inv_Cam_Response_Func: !!opencv-matrix
        rows: 256
        cols: 3
        dt: f
        data: [ 0.041146, 0.032921, 0.037321, 
            0.045921, 0.037494, 0.042394, 0.051175, 
            0.042528, 0.047945, 0.056793, 0.047959, 
            0.053839, 0.062646, 0.053713, 0.059940, 
            0.068616, 0.059634, 0.066154, 0.074663, 
            0.065646, 0.072426, 0.080757, 0.071690, 
            0.078690, 0.086865, 0.077709, 0.084888, 
            0.092984, 0.083645, 0.090962, 0.099110, 
            0.089438, 0.096865, 0.105245, 0.095031, 
            0.102563, 0.111387, 0.100414, 0.108026, 
            0.117497, 0.105584, 0.113274, 0.123508, 
            0.110527, 0.118323, 0.129370, 0.115240, 
            0.123156, 0.135018, 0.119733, 0.127782, 
            0.140407, 0.124056, 0.132244, 0.145518, 
            0.128260, 0.136580, 0.150331, 0.132394, 
            0.140835, 0.154833, 0.136501, 0.145046, 
            0.159032, 0.140607, 0.149250, 0.162954, 
            0.144730, 0.153475, 0.166624, 0.148882, 
            0.157743, 0.170064, 0.153081, 0.162075, 
            0.173354, 0.157346, 0.166486, 0.176574, 
            0.161679, 0.170989, 0.179801, 0.166077, 
            0.175600, 0.183125, 0.170539, 0.180329, 
            0.186637, 0.175059, 0.185158, 0.190398, 
            0.179618, 0.190066, 0.194485, 0.184199, 
            0.195041, 0.198999, 0.188797, 0.200091, 
            0.203925, 0.193406, 0.205202, 0.209258, 
            0.198023, 0.210339, 0.214968, 0.202665, 
            0.215469, 0.221029, 0.207344, 0.220575, 
            0.227378, 0.212076, 0.225643, 0.233962, 
            0.216877, 0.230685, 0.240708, 0.221737, 
            0.235715, 0.247563, 0.226650, 0.240736, 
            0.254473, 0.231616, 0.245770, 0.261416, 
            0.236641, 0.250848, 0.268352, 0.241728, 
            0.255998, 0.275247, 0.246876, 0.261194, 
            0.282058, 0.252083, 0.266443, 0.288753, 
            0.257352, 0.271718, 0.295297, 0.262680, 
            0.277008, 0.301675, 0.268066, 0.282330, 
            0.307881, 0.273511, 0.287701, 0.313904, 
            0.279019, 0.293136, 0.319747, 0.284600, 
            0.298641, 0.325381, 0.290273, 0.304223, 
            0.330802, 0.296041, 0.309900, 0.336006, 
            0.301916, 0.315689, 0.340995, 0.307899, 
            0.321582, 0.345760, 0.314008, 0.327564, 
            0.350392, 0.320243, 0.333629, 0.354975, 
            0.326611, 0.339763, 0.359570, 0.333125, 
            0.345951, 0.364295, 0.339769, 0.352177, 
            0.369234, 0.346523, 0.358419, 0.374476, 
            0.353371, 0.364683, 0.380036, 0.360296, 
            0.370983, 0.385933, 0.367283, 0.377335, 
            0.392216, 0.374309, 0.383758, 0.398878, 
            0.381358, 0.390272, 0.405946, 0.388411, 
            0.396894, 0.413446, 0.395467, 0.403643, 
            0.421366, 0.402520, 0.410563, 0.429653, 
            0.409600, 0.417674, 0.438260, 0.416710, 
            0.424959, 0.447137, 0.423850, 0.432403, 
            0.456240, 0.431026, 0.439996, 0.465525, 
            0.438239, 0.447732, 0.474967, 0.445496, 
            0.455595, 0.484544, 0.452816, 0.463578, 
            0.494220, 0.460217, 0.471667, 0.503948, 
            0.467716, 0.479853, 0.513790, 0.475326, 
            0.488126, 0.523749, 0.483042, 0.496487, 
            0.533771, 0.490857, 0.504945, 0.543795, 
            0.498783, 0.513503, 0.553759, 0.506824, 
            0.522172, 0.563617, 0.514991, 0.530976, 
            0.573338, 0.523290, 0.539947, 0.582870, 
            0.531731, 0.549114, 0.592195, 0.540316, 
            0.558460, 0.601304, 0.549029, 0.567973, 
            0.610187, 0.557858, 0.577643, 0.618834, 
            0.566801, 0.587462, 0.627240, 0.575860, 
            0.597398, 0.635372, 0.585046, 0.607414, 
            0.643260, 0.594374, 0.617464, 0.650924, 
            0.603846, 0.627514, 0.658383, 0.613490, 
            0.637554, 0.665677, 0.623344, 0.647585, 
            0.672833, 0.633416, 0.657612, 0.679916, 
            0.643735, 0.667635, 0.687000, 0.654299, 
            0.677669, 0.694181, 0.665090, 0.687734, 
            0.701453, 0.676087, 0.697851, 0.708860, 
            0.687269, 0.708047, 0.716450, 0.698604, 
            0.718341, 0.724272, 0.710064, 0.728768, 
            0.732367, 0.721625, 0.739359, 0.740784, 
            0.733248, 0.750145, 0.749551, 0.744943, 
            0.761135, 0.758695, 0.756694, 0.772348, 
            0.768242, 0.768511, 0.783769, 0.778191, 
            0.780379, 0.795399, 0.788554, 0.792297, 
            0.807225, 0.799352, 0.804270, 0.819228, 
            0.810610, 0.816282, 0.831396, 0.822345, 
            0.828327, 0.843717, 0.834587, 0.840378, 
            0.856178, 0.847348, 0.852415, 0.868750, 
            0.860652, 0.864412, 0.881396, 0.874475, 
            0.876359, 0.894067, 0.888784, 0.888230, 
            0.906717, 0.903540, 0.900017, 0.919322, 
            0.918707, 0.911728, 0.931850, 0.934242, 
            0.923364, 0.944261, 0.950047, 0.934953, 
            0.956528, 0.966065, 0.946487, 0.968633, 
            0.982241, 0.957971, 0.980572, 0.998537, 
            0.969407, 0.992362, 1.014921, 0.980789, 
            1.004035, 1.031349, 0.992115, 1.015627, 
            1.047773, 1.003395, 1.027153, 1.064153, 
            1.014626, 1.038641, 1.080460, 1.025837, 
            1.050113, 1.096671, 1.037047, 1.061600, 
            1.112744, 1.048274, 1.073135, 1.128656, 
            1.059561, 1.084749, 1.144323, 1.070922, 
            1.096480, 1.159668, 1.082385, 1.108340, 
            1.174607, 1.093982, 1.120341, 1.189136, 
            1.105734, 1.132492, 1.203227, 1.117657, 
            1.144814, 1.216861, 1.129795, 1.157332, 
            1.230017, 1.142172, 1.170060, 1.242674, 
            1.154803, 1.183025, 1.254791, 1.167687, 
            1.196240, 1.266350, 1.180828, 1.209717, 
            1.277387, 1.194259, 1.223477, 1.287965, 
            1.208016, 1.237548, 1.298148, 1.222144, 
            1.251980, 1.308007, 1.236699, 1.266813, 
            1.317608, 1.251745, 1.282085, 1.327048, 
            1.267269, 1.297810, 1.336423, 1.283252, 
            1.313989, 1.345858, 1.299681, 1.330610, 
            1.355392, 1.316538, 1.347632, 1.365061, 
            1.333785, 1.365038, 1.374878, 1.351407, 
            1.382768, 1.384886, 1.369378, 1.400780, 
            1.395132, 1.387663, 1.419008, 1.405650, 
            1.406222, 1.437461, 1.416463, 1.425017, 
            1.456133, 1.427596, 1.443994, 1.475025, 
            1.439081, 1.463105, 1.494101, 1.451024, 
            1.482296, 1.513331, 1.463562, 1.501540, 
            1.532672, 1.476767, 1.520802, 1.552086, 
            1.490686, 1.540065, 1.571547, 1.505392, 
            1.559285, 1.591037, 1.520851, 1.578424, 
            1.610542, 1.537045, 1.597436, 1.630035, 
            1.553968, 1.616273, 1.649479, 1.571582, 
            1.634903, 1.668857, 1.589867, 1.653313, 
            1.688178, 1.608791, 1.671497, 1.707451, 
            1.628291, 1.689435, 1.726689, 1.648311, 
            1.707118, 1.745870, 1.668812, 1.724555, 
            1.764948, 1.689759, 1.741720, 1.783899, 
            1.711070, 1.758619, 1.802669, 1.732782, 
            1.775280, 1.821243, 1.754942, 1.791768, 
            1.839621, 1.777614, 1.808090, 1.857806, 
            1.800847, 1.824268, 1.875759, 1.824587, 
            1.840312, 1.893480, 1.848731, 1.856261, 
            1.910958, 1.873140, 1.872126, 1.928182, 
            1.897643, 1.887936, 1.945161, 1.922208, 
            1.903593, 1.961921, 1.946767, 1.919068, 
            1.978535, 1.971354, 1.934354, 1.995081, 
            1.996028, 1.949424, 2.011603, 2.020820, 
            1.964258, 2.028197, 2.045816, 1.978844, 
            2.044956, 2.071057, 1.993229, 2.061963, 
            2.096617, 2.007430, 2.079320, 2.122594, 
            2.021487, 2.097039, 2.149038, 2.035424, 
            2.115171, 2.175867, 2.049232, 2.133765, 
            2.202979, 2.062901, 2.152887, 2.230255, 
