
function [invCRF] = load_inv_crf()
invCRF = [ 0.0411460399627686, 0.0329208113253117, 0.0373209528625011;
0.0459212735295296, 0.037494357675314, 0.0423938855528831;
0.0511754490435123, 0.0425278395414352, 0.0479445829987526;
0.0567934066057205, 0.0479591824114323, 0.0538391023874283;
0.062646172940731, 0.0537129044532776, 0.0599403604865074;
0.0686159655451775, 0.0596342012286186, 0.0661541596055031;
0.0746630355715752, 0.0656460970640183, 0.0724263191223145;
0.0807565301656723, 0.0716901272535324, 0.0786901488900185;
0.086864560842514, 0.0777090042829514, 0.0848876908421516;
0.0929838269948959, 0.0836450904607773, 0.0909621641039848;
0.0991103053092957, 0.0894377082586288, 0.0968647822737694;
0.105245374143124, 0.0950307324528694, 0.102563098073006;
0.111386582255363, 0.100414246320724, 0.108026139438152;
0.117497183382511, 0.10558370500803, 0.113273836672306;
0.123508363962173, 0.110526531934738, 0.118323013186455;
0.129369914531708, 0.115240022540092, 0.123155795037746;
0.13501837849617, 0.119733184576035, 0.127781882882118;
0.14040732383728, 0.124056220054626, 0.132244288921356;
0.145518273115158, 0.128259643912315, 0.136580258607864;
0.150331303477287, 0.132394000887871, 0.140835091471672;
0.154833123087883, 0.136501163244247, 0.145046159625053;
0.159032493829727, 0.140607163310051, 0.149250358343124;
0.162954270839691, 0.144729599356651, 0.153475135564804;
0.166623756289482, 0.148882180452347, 0.157743245363235;
0.170063629746437, 0.153081431984901, 0.162075042724609;
0.173354238271713, 0.157345905900002, 0.166485607624054;
0.176573768258095, 0.16167888045311, 0.170988768339157;
0.179800942540169, 0.166077345609665, 0.175599649548531;
0.183125078678131, 0.170538723468781, 0.180329263210297;
0.186637029051781, 0.175058722496033, 0.185157909989357;
0.190398469567299, 0.179617688059807, 0.190065830945969;
0.194484576582909, 0.184199050068855, 0.195040881633759;
0.198998883366585, 0.188796788454056, 0.200091287493706;
0.203925430774689, 0.193406447768211, 0.20520181953907;
0.209257513284683, 0.198023408651352, 0.210338890552521;
0.214968264102936, 0.202665030956268, 0.215468570590019;
0.22102914750576, 0.20734404027462, 0.220575422048569;
0.227378442883492, 0.212076082825661, 0.225642576813698;
0.233962431550026, 0.216876998543739, 0.230684593319893;
0.240708395838737, 0.221737340092659, 0.23571489751339;
0.247562721371651, 0.226649731397629, 0.240735605359077;
0.254473268985748, 0.231616035103798, 0.245770484209061;
0.261415868997574, 0.236641153693199, 0.250848233699799;
0.268351644277573, 0.241727739572525, 0.255997747182846;
0.275246500968933, 0.24687622487545, 0.261194497346878;
0.282057583332062, 0.252082765102386, 0.266443431377411;
0.288752824068069, 0.257352024316788, 0.271718263626099;
0.295296907424927, 0.262679606676102, 0.277007937431335;
0.301675349473953, 0.268065750598907, 0.282330095767975;
0.307881236076355, 0.273511350154877, 0.287701040506363;
0.313903629779816, 0.279018580913544, 0.293135732412338;
0.319746643304825, 0.284600377082825, 0.298640847206116;
0.325380772352219, 0.290273159742355, 0.304222762584686;
0.330801963806152, 0.296040594577789, 0.309900045394897;
0.336005985736847, 0.301915884017944, 0.315689414739609;
0.340995341539383, 0.307898640632629, 0.321582227945328;
0.345760077238083, 0.314007997512817, 0.327563941478729;
0.350392162799835, 0.320242524147034, 0.333628714084625;
0.354975402355194, 0.326611459255219, 0.339763432741165;
0.359570145606995, 0.333124607801437, 0.345951199531555;
0.364294588565826, 0.339769333600998, 0.352176547050476;
0.369233965873718, 0.346523106098175, 0.358418583869934;
0.374476402997971, 0.353370755910873, 0.36468318104744;
0.380036056041718, 0.360296368598938, 0.370982676744461;
0.385932624340057, 0.367283016443253, 0.37733519077301;
0.392215967178345, 0.374309360980988, 0.383757531642914;
0.398878037929535, 0.381357640028, 0.390272408723831;
0.405946373939514, 0.388411074876785, 0.396893799304962;
0.41344553232193, 0.395467281341553, 0.403642594814301;
0.421365976333618, 0.402520090341568, 0.410563051700592;
0.429652899503708, 0.40960031747818, 0.417673915624619;
0.438260078430176, 0.416710138320923, 0.424959450960159;
0.447136759757996, 0.423849821090698, 0.432402998209;
0.456240296363831, 0.431025683879852, 0.439995914697647;
0.465525388717651, 0.438238680362701, 0.447731584310532;
0.474966645240784, 0.445496410131454, 0.455594509840012;
0.484544485807419, 0.452816486358643, 0.46357786655426;
0.494219988584518, 0.460216671228409, 0.471667170524597;
0.503947973251343, 0.467715889215469, 0.479852885007858;
0.513789534568787, 0.475326061248779, 0.488125741481781;
0.523748517036438, 0.48304158449173, 0.496486842632294;
0.533770680427551, 0.490857481956482, 0.504945278167725;
0.543794870376587, 0.498782962560654, 0.513502955436707;
0.553758561611176, 0.506823837757111, 0.522172391414642;
0.563617289066315, 0.514990866184235, 0.530975997447968;
0.573338449001312, 0.523289561271667, 0.539947271347046;
0.582870066165924, 0.531730711460114, 0.549114108085632;
0.592195272445679, 0.540316164493561, 0.558460414409637;
0.601304411888123, 0.549029290676117, 0.567973077297211;
0.610186517238617, 0.557858228683472, 0.577643036842346;
0.61883419752121, 0.566801428794861, 0.587461650371552;
0.62723970413208, 0.57586008310318, 0.597397685050964;
0.635372340679169, 0.585045695304871, 0.607414484024048;
0.64326000213623, 0.594373643398285, 0.617464244365692;
0.650923907756805, 0.603845953941345, 0.627514183521271;
0.658382833003998, 0.613490462303162, 0.637554466724396;
0.665677130222321, 0.623343646526337, 0.647585451602936;
0.672832846641541, 0.633416175842285, 0.657611608505249;
0.679916262626648, 0.643734633922577, 0.667635381221771;
0.687000334262848, 0.654299080371857, 0.677668750286102;
0.694181025028229, 0.665090203285217, 0.687734127044678;
0.70145308971405, 0.676086723804474, 0.697851002216339;
0.70885956287384, 0.687268793582916, 0.708046913146973;
0.716449618339539, 0.698603570461273, 0.718341469764709;
0.724271833896637, 0.710063993930817, 0.728767931461334;
0.732366979122162, 0.721624791622162, 0.739359378814697;
0.740783631801605, 0.733248174190521, 0.750145137310028;
0.749550580978394, 0.744942724704742, 0.761134803295136;
0.758695363998413, 0.756694436073303, 0.772348463535309;
0.76824152469635, 0.768510699272156, 0.783768713474274;
0.778191268444061, 0.780379414558411, 0.795399248600006;
0.788554072380066, 0.79229736328125, 0.807225465774536;
0.799352169036865, 0.804269731044769, 0.819227993488312;
0.810610234737396, 0.816282093524933, 0.831396222114563;
0.822345376014709, 0.828327417373657, 0.843716859817505;
0.83458685874939, 0.84037834405899, 0.856177747249603;
0.847347676753998, 0.852415442466736, 0.868749976158142;
0.860651791095734, 0.864412248134613, 0.881395995616913;
0.874474704265594, 0.876359045505524, 0.894066572189331;
0.888783991336823, 0.888230204582214, 0.906717360019684;
0.903539597988129, 0.900016844272614, 0.919322073459625;
0.918706834316254, 0.911728084087372, 0.931849658489227;
0.934241592884064, 0.923364222049713, 0.944261193275452;
0.950046598911285, 0.934952557086945, 0.956527709960938;
0.966065227985382, 0.946487188339233, 0.968633234500885;
0.982241213321686, 0.957971334457397, 0.98057222366333;
0.998536705970764, 0.969407081604004, 0.992361545562744;
1.01492071151733, 0.980788767337799, 1.00403499603271;
1.03134870529175, 0.992114782333374, 1.01562666893005;
1.04777276515961, 1.0033951997757, 1.02715289592743;
1.06415331363678, 1.01462578773499, 1.03864061832428;
1.08046007156372, 1.02583658695221, 1.0501127243042;
1.09667134284973, 1.0370466709137, 1.06159973144531;
1.11274373531342, 1.0482736825943, 1.07313454151154;
1.12865579128265, 1.05956053733826, 1.08474862575531;
1.14432311058044, 1.07092213630676, 1.09647965431213;
1.15966784954071, 1.08238542079926, 1.10834002494812;
1.1746072769165, 1.09398186206818, 1.12034130096436;
1.18913567066193, 1.10573410987854, 1.13249158859253;
1.2032265663147, 1.11765718460083, 1.14481401443481;
