%YAML:1.0
    inv_Cam_Response_Func: !!opencv-matrix
        rows: 256
        cols: 3
        dt: f
        data: [ 0.028067, 0.020566, 0.026818, 
            0.034601, 0.026509, 0.033847, 0.042566, 
            0.033532, 0.041917, 0.051253, 0.041341, 
            0.050431, 0.060219, 0.049514, 0.058921, 
            0.069063, 0.057659, 0.067188, 0.077639, 
            0.065586, 0.075102, 0.085820, 0.073138, 
            0.082593, 0.093558, 0.080249, 0.089649, 
            0.100864, 0.086918, 0.096264, 0.107680, 
            0.093172, 0.102437, 0.114031, 0.099056, 
            0.108186, 0.119917, 0.104633, 0.113584, 
            0.125343, 0.109919, 0.118697, 0.130330, 
            0.114952, 0.123585, 0.134912, 0.119780, 
            0.128310, 0.139159, 0.124463, 0.132932, 
            0.143161, 0.129046, 0.137474, 0.147039, 
            0.133567, 0.142007, 0.150900, 0.138061, 
            0.146582, 0.154766, 0.142529, 0.151213, 
            0.158659, 0.146964, 0.155920, 0.162595, 
            0.151376, 0.160686, 0.166577, 0.155780, 
            0.165475, 0.170607, 0.160180, 0.170254, 
            0.174681, 0.164574, 0.174984, 0.178797, 
            0.168951, 0.179648, 0.182948, 0.173310, 
            0.184244, 0.187138, 0.177657, 0.188753, 
            0.191393, 0.181982, 0.193170, 0.195728, 
            0.186272, 0.197499, 0.200165, 0.190537, 
            0.201748, 0.204665, 0.194774, 0.205934, 
            0.209209, 0.198985, 0.210068, 0.213783, 
            0.203184, 0.214209, 0.218391, 0.207389, 
            0.218391, 0.223047, 0.211614, 0.222662, 
            0.227773, 0.215888, 0.227050, 0.232531, 
            0.220241, 0.231581, 0.237294, 0.224681, 
            0.236273, 0.242053, 0.229222, 0.241146, 
            0.246782, 0.233886, 0.246180, 0.251447, 
            0.238684, 0.251348, 0.256009, 0.243634, 
            0.256614, 0.260420, 0.248752, 0.261972, 
            0.264654, 0.254028, 0.267403, 0.268738, 
            0.259455, 0.272942, 0.272687, 0.265027, 
            0.278615, 0.276524, 0.270748, 0.284459, 
            0.280277, 0.276598, 0.290494, 0.284016, 
            0.282557, 0.296738, 0.287818, 0.288590, 
            0.303171, 0.291752, 0.294673, 0.309782, 
            0.295916, 0.300816, 0.316543, 0.300348, 
            0.307014, 0.323436, 0.305079, 0.313271, 
            0.330439, 0.310196, 0.319585, 0.337522, 
            0.315781, 0.325939, 0.344645, 0.321761, 
            0.332318, 0.351778, 0.328031, 0.338702, 
            0.358920, 0.334484, 0.345099, 0.366068, 
            0.341013, 0.351528, 0.373221, 0.347555, 
            0.357991, 0.380369, 0.354030, 0.364478, 
            0.387484, 0.360378, 0.370990, 0.394535, 
            0.366580, 0.377519, 0.401486, 0.372675, 
            0.384046, 0.408302, 0.378697, 0.390569, 
            0.414960, 0.384730, 0.397099, 0.421500, 
            0.390855, 0.403646, 0.427979, 0.397100, 
            0.410233, 0.434457, 0.403468, 0.416875, 
            0.441021, 0.409993, 0.423590, 0.447725, 
            0.416686, 0.430376, 0.454627, 0.423584, 
            0.437236, 0.461764, 0.430713, 0.444209, 
            0.469150, 0.438093, 0.451329, 0.476808, 
            0.445737, 0.458618, 0.484751, 0.453647, 
            0.466107, 0.492984, 0.461804, 0.473813, 
            0.501521, 0.470224, 0.481746, 0.510348, 
            0.478939, 0.489909, 0.519465, 0.487982, 
            0.498299, 0.528858, 0.497353, 0.506902, 
            0.538513, 0.507050, 0.515711, 0.548369, 
            0.517060, 0.524716, 0.558394, 0.527384, 
            0.533921, 0.568533, 0.538035, 0.543311, 
            0.578747, 0.548872, 0.552875, 0.588965, 
            0.559861, 0.562599, 0.599219, 0.571004, 
            0.572469, 0.609538, 0.582203, 0.582467, 
            0.619939, 0.593455, 0.592587, 0.630443, 
            0.604766, 0.602823, 0.641065, 0.616114, 
            0.613185, 0.651810, 0.627468, 0.623665, 
            0.662667, 0.638800, 0.634271, 0.673632, 
            0.650066, 0.644997, 0.684684, 0.661225, 
            0.655840, 0.695795, 0.672306, 0.666790, 
            0.706936, 0.683312, 0.677835, 0.718096, 
            0.694243, 0.688975, 0.729267, 0.705112, 
            0.700195, 0.740439, 0.715932, 0.711459, 
            0.751595, 0.726712, 0.722744, 0.762710, 
            0.737460, 0.734034, 0.773763, 0.748172, 
            0.745309, 0.784749, 0.758822, 0.756544, 
            0.795657, 0.769369, 0.767716, 0.806496, 
            0.779759, 0.778800, 0.817277, 0.789966, 
            0.789764, 0.827993, 0.799919, 0.800605, 
            0.838652, 0.809686, 0.811338, 0.849258, 
            0.819317, 0.821960, 0.859825, 0.828834, 
            0.832487, 0.870399, 0.838344, 0.842927, 
            0.880986, 0.847945, 0.853293, 0.891615, 
            0.857742, 0.863596, 0.902327, 0.867804, 
            0.873843, 0.913160, 0.878169, 0.884046, 
            0.924140, 0.888880, 0.894224, 0.935296, 
            0.899984, 0.904390, 0.946644, 0.911528, 
            0.914569, 0.958188, 0.923562, 0.924800, 
            0.969925, 0.936122, 0.935106, 0.981845, 
            0.949262, 0.945529, 0.993946, 0.963014, 
            0.956104, 1.006211, 0.977416, 0.966853, 
            1.018627, 0.992500, 0.977779, 1.031171, 
            1.008086, 0.988905, 1.043829, 1.023969, 
            1.000219, 1.056607, 1.039877, 1.011734, 
            1.069518, 1.055512, 1.023457, 1.082592, 
            1.070550, 1.035402, 1.095840, 1.084625, 
            1.047568, 1.109262, 1.097857, 1.059967, 
            1.122878, 1.110348, 1.072621, 1.136658, 
            1.122222, 1.085543, 1.150598, 1.133583, 
            1.098733, 1.164691, 1.144539, 1.112192, 
            1.178976, 1.155191, 1.125911, 1.193456, 
            1.165634, 1.139898, 1.208133, 1.176000, 
            1.154159, 1.222977, 1.186384, 1.168703, 
            1.237978, 1.196907, 1.183544, 1.253117, 
            1.207649, 1.198741, 1.268399, 1.218650, 
            1.214320, 1.283816, 1.229982, 1.230324, 
            1.299385, 1.241693, 1.246744, 1.315081, 
            1.253829, 1.263546, 1.330913, 1.266428, 
            1.280672, 1.346887, 1.279500, 1.298073, 
            1.363014, 1.293147, 1.315681, 1.379308, 
            1.307455, 1.333426, 1.395775, 1.322476, 
            1.351241, 1.412436, 1.338132, 1.369113, 
            1.429302, 1.354367, 1.387022, 1.446374, 
            1.371080, 1.404965, 1.463630, 1.388145, 
            1.422896, 1.481033, 1.405431, 1.440827, 
            1.498565, 1.422775, 1.458734, 1.516185, 
            1.440045, 1.476633, 1.533878, 1.457209, 
            1.494504, 1.551625, 1.474202, 1.512314, 
            1.569405, 1.491005, 1.530056, 1.587194, 
            1.507600, 1.547731, 1.604972, 1.523966, 
            1.565315, 1.622643, 1.540118, 1.582785, 
            1.640142, 1.556071, 1.600098, 1.657384, 
            1.571824, 1.617224, 1.674275, 1.587421, 
            1.634119, 1.690712, 1.602880, 1.650720, 
            1.706633, 1.618203, 1.666976, 1.722011, 
            1.633460, 1.682841, 1.736829, 1.648743, 
            1.698254, 1.751107, 1.664242, 1.713197, 
            1.764824, 1.680240, 1.727642, 1.778017, 
            1.696993, 1.741580, 1.790746, 1.714449, 
            1.754998, 1.803132, 1.732540, 1.767881, 
            1.815295, 1.751253, 1.780263, 1.827366, 
            1.770530, 1.792147, 1.839528, 1.790335, 
            1.803654, 1.851976, 1.810615, 1.814889, 
            1.864968, 1.831366, 1.825950, 1.878861, 
            1.852661, 1.836969, 1.894021, 1.874651, 
            1.848122, 1.910830, 1.897558, 1.859605, 
            1.928864, 1.921584, 1.871363, 1.947760, 
            1.946655, 1.883315, 1.967222, 1.972698, 
            1.895383, 1.986871, 1.999598, 1.907521, 
            2.006389, 2.027232, 1.919680, 2.025524, 
            2.055457, 1.931878, 2.044112, 2.084102, 
            1.944142, 2.062169, 2.112972, 1.956543, 
            2.079823, 2.141753, 1.969179, 2.097219, 
            2.170082, 1.982163, 2.114467, 2.197506, 
