%YAML:1.0
_fFx: 5.393676249926111e+002
_fFy: 5.393206143515481e+002
_u: 3.175861887689173e+002
_v: 2.435043223738542e+002
_sWidth: 640
_sHeight: 480
_cvmDistCoeffs: !!opencv-matrix
   rows: 5
   cols: 1
   dt: d
   data: [ 4.097578280367765e-002, -1.303609359837648e-001,
        1.921545360035833e-003, -4.782805448755312e-004,
        0 ]
